Results:

1st column: Regularization parameter    2nd column: # of iterations    3rd column: Test RMSE error

Test RMS errors for train_data:test_data= 90 : 10 
 [[ 0.2        10.          0.88353792]
 [ 1.         10.          0.90417007]
 [ 5.         10.          0.9613902 ]
 [ 0.2        20.          1.60616726]
 [ 1.         20.          1.61504794]
 [ 5.         20.          1.49140474]
 [ 0.2        40.          2.09794198]
 [ 1.         40.          1.98284569]
 [ 5.         40.          2.23325354]]
Test RMS errors for train_data:test_data= 80 : 20 
 [[ 0.2        10.          1.02957151]
 [ 1.         10.          1.03096771]
 [ 5.         10.          1.10813583]
 [ 0.2        20.          1.43403387]
 [ 1.         20.          1.60788534]
 [ 5.         20.          1.54648357]
 [ 0.2        40.          2.20279543]
 [ 1.         40.          2.14128615]
 [ 5.         40.          2.17762473]]
Test RMS errors for train_data:test_data= 70 : 30 
 [[ 0.2        10.          1.06373663]
 [ 1.         10.          1.10748153]
 [ 5.         10.          1.06862574]
 [ 0.2        20.          1.51199456]
 [ 1.         20.          1.43685131]
 [ 5.         20.          1.5464546 ]
 [ 0.2        40.          2.10224201]
 [ 1.         40.          2.17892323]
 [ 5.         40.          2.05740273]]
Test RMS errors for train_data:test_data= 60 : 40 
 [[ 0.2        10.          1.02508173]
 [ 1.         10.          1.08840263]
 [ 5.         10.          1.13868564]
 [ 0.2        20.          1.51123961]
 [ 1.         20.          1.60677845]
 [ 5.         20.          1.49133515]
 [ 0.2        40.          2.1563481 ]
 [ 1.         40.          2.17964257]
 [ 5.         40.          2.16623221]]
Test RMS errors for train_data:test_data= 50 : 50 
 [[ 0.2        10.          1.11721683]
 [ 1.         10.          1.21799336]
 [ 5.         10.          1.1315039 ]
 [ 0.2        20.          1.45851439]
 [ 1.         20.          1.50572964]
 [ 5.         20.          1.58248119]
 [ 0.2        40.          2.09252996]
 [ 1.         40.          2.10575652]
 [ 5.         40.          2.1202274 ]]
Test RMS errors for train_data:test_data= 40 : 60 
 [[ 0.2        10.          1.18730461]
 [ 1.         10.          1.24012897]
 [ 5.         10.          1.20491116]
 [ 0.2        20.          1.56539213]
 [ 1.         20.          1.52754403]
 [ 5.         20.          1.52009261]
 [ 0.2        40.          2.14521368]
 [ 1.         40.          2.16917237]
 [ 5.         40.          2.12972165]]
Test RMS errors for train_data:test_data= 30 : 70 
 [[ 0.2        10.          1.4067198 ]
 [ 1.         10.          1.33970171]
 [ 5.         10.          1.31692408]
 [ 0.2        20.          1.55605547]
 [ 1.         20.          1.55033343]
 [ 5.         20.          1.53773046]
 [ 0.2        40.          2.16210787]
 [ 1.         40.          2.08228596]
 [ 5.         40.          2.12841339]]
Test RMS errors for train_data:test_data= 20 : 80 
 [[ 0.2        10.          1.53861237]
 [ 1.         10.          1.48407088]
 [ 5.         10.          1.4531197 ]
 [ 0.2        20.          1.5816078 ]
 [ 1.         20.          1.57483072]
 [ 5.         20.          1.51522952]
 [ 0.2        40.          2.17705008]
 [ 1.         40.          2.1595567 ]
 [ 5.         40.          2.09935275]]
Test RMS errors for train_data:test_data= 10 : 90 
 [[ 0.2        10.          1.88407489]
 [ 1.         10.          1.67212956]
 [ 5.         10.          1.69563679]
 [ 0.2        20.          1.8483204 ]
 [ 1.         20.          1.56104108]
 [ 5.         20.          1.63303345]
 [ 0.2        40.          2.17321109]
 [ 1.         40.          2.11833467]
 [ 5.         40.          2.19292165]]

So, minimum error(=0.8835379224259081) is for lambda=0.2, number of iterations=10, train_data size:test_data size=90:10.

For screenshots of execution, go to "Report.pdf".